0.14396466783955963
0.8674858467391475
0.45678780524030893
0.8496324944840802
0.36712326315541277
0.09397114368333048
0.6387459025097861
0.7176515208634044
0.4504751236882787
0.07455351096927776
0.7971552591782746
0.03091235909552703
0.41425217372712353
0.3630412284918958
0.14713287633021987
0.9533983841455906
0.7875186832805732
0.030660935707149006
0.6862931719419892
0.06698084661275494
0.23728993169692647
0.09473873930656984
0.30186080737855603
0.7205380472551725
0.6703346221348544
0.8600109419824458
0.540503518644526
0.4165541704380178
0.6732621024154881
0.5956336372926786
0.8650547414448236
0.08048462673024626
0.2509876789169483
0.726025906100278
0.087711544012261
0.37312965568514433
0.43213040966507255
0.881768059723708
0.7745841761823238
0.2982601155850837
0.6338437168308141
0.29916604831902716
0.7443523388614808
0.48066204644590194
0.4774018824951848
0.9467579951805403
0.31708812379592166
0.44133638087531524
0.3600119942921254
0.5338228640116734
0.4145466186804332
0.42436505406526015
0.2390647028696169
0.015356778594142528
0.8574007610921539
0.37900979805200363
0.5689917096625382
0.42067195481099395
0.4139846360545498
0.33688072616021847
0.44909317675761296
0.7998643421934408
0.21914456595740706
0.5848287264249793
0.30841034452882
0.8887906552426811
0.28403084304879256
0.6550878916571383
0.06913576008509614
0.3480164384924217
0.917345935896493
0.8740332269562625
0.5146355570899489
0.44592783205406317
0.7042867848141898
0.0660263286881223
0.9194329781120442
0.787778410167968
0.4655096366822503
0.7466715315362713
0.3498384270246866
0.9241770834306284
0.15323767068164162
0.8826291810559489
0.8808960823559696
0.699886378579338
0.8606430264792458
0.4168967011200001
0.403445461776366
0.41586758704508486
0.8523138681680521
0.7748498461090029
0.43686105018265586
0.8503907822413203
0.23037595499043007
0.9193230183316095
0.8736787310338099
0.34873287149150023
0.40454357038461397
0.28604643072419045
0.9045773839722854
0.13292644141660448
0.06717572168534025
0.7595850305072774
0.37259634030306243
0.4098975145055568
0.6129563713009276
0.9245641102214933
0.7418173040531153
0.8797456260075576
0.03305445643182425
0.8115429034787504
0.8209450657488282
0.46005116935144796
0.7986824092702811
0.47928506767913515
0.07466417954623794
0.13804542984914314
0.31204141024937415
0.19863772465547014
0.03650918198111541
0.06903718029854045
0.3123974843838012
0.03179366747908041
0.18243832389788972
0.30444349980354013
0.44180599697106027
0.6098164653541477
0.32640476615591607
0.5896261691545194
0.3859541662487128
0.6228330508615212
0.25342499987063904
0.703308520841364
0.8479272314378499
0.28843476024104486
0.38418010779232215
0.13513432599929132
0.7584563779258972
0.7617531741886678
0.7740841549004172
0.5330262882599139
0.8805907089835612
0.887923779045731
0.9465303519460748
0.3600138993676819
0.088449244405163
0.8830605044689912
0.8467802705580215
0.8926527842474234
0.5533352914425647
0.7250893074136019
0.939399727022459
0.8387403862903071
0.010525351397661975
0.25074260203780363
0.6553720782256622
0.10873596472764013
0.8719179558460393
0.04659834183576261
0.20872285745982266
0.3166972158571567
0.9015506325356013
0.5917826940306397
0.9714088755455134
0.9982770948941366
0.9296844678166641
0.9026538719547822
0.7535917113739976
0.43975374844276516
0.6861815374254027
0.22691864015928098
0.13992955935781792
0.36243330690077913
0.7915466802593609
0.8796064183853645
0.8263168919756201
0.40571919902118514
0.4186130147138497
0.5078072713522268
0.6962763145672471
0.27574545952709684
0.107721042210283
0.20778004372828285
0.6417934124776774
0.38858623899086764
0.850805261594276
0.6057922867489666
0.43694561484809213
0.6670456533540604
0.4875290353384528
0.9674909211571375
0.2945695654228293
0.3101189284882273
0.705350954699068
0.8976221557553491
0.21990246491579624
0.7578019515226341
0.573595529094363
0.8168564656822198
0.47662737596733606
0.1770866832715684
0.5523722120152115
0.7838800224897958
0.7995314025399982
0.015794959015234644
0.8446736173668367
0.8964748744481315
0.35608839653986346
0.8155247988250343
0.6805193468573602
0.9628696564161583
0.03472794799693679
0.28420888044939363
0.02281150813510202
0.13918490030073494
0.7718549562765566
0.9558433787866889
0.637691016019529
0.016940920896800327
0.9452456721222577
0.13854414877812127
0.34689094275169063
0.8405733823584637
0.7388905970167762
0.9109734305152437
0.5980768062813824
0.6768143333660438
0.04966665241600632
0.3036619855245577
0.147873816479001
0.8257007180698712
0.5615756050985405
0.3779517375101892
0.05029221748917889
0.43142934765691154
0.07529461025194961
0.43705769310471443
0.5139995014423776
0.3976037638475668
0.10383566642215114
0.1214214814747494
0.9051819296156648
0.5172013641304042
0.7677206351680671
0.5801801861598295
0.6601410126104296
0.9908324827890975
0.5317674290386103
0.6580414089831359
0.7006829358077336
0.09199386303750123
0.8650927737714551
0.3415221861860621
0.06736733452916699
0.3511693401450091
0.6579445155594946
0.71623761534045
0.7535547518713911
0.2542790176027929
0.38454023154346584
0.42413579955317215
0.9411916568043303
0.7932806962761882
0.07784330171310305
0.28353368141669544
0.6796900822590924
0.6625408996664389
0.5407170084519911
0.876256580580158
0.7152343601085007
0.3994332012949363
0.20403183648151524
0.2567326419288597
0.4315671992698652
0.14908876387366332
0.18162107457072152
0.22903275177026816
0.7908953154103339
0.9761774901215348
0.4504968659962848
0.43763626500187447
0.9958932906271276
0.9478399964052197
0.5757885981043505
0.6481163044304368
0.05111764532506713
0.1582086296054115
0.29859615208371326
0.7084986160036782
0.6648057602890061
0.15664280232372974
0.12536684018115385
0.8995484059291107
0.7578845556233157
0.5469441909302556
0.03698950197951012
0.48046732652325497
0.6895984068247085
0.2436191548208848
0.19379164667361126
0.6327224913499111
0.704489170488415
0.11962045545101008
0.47891898167748326
0.9253011131695059
0.2192617673646664
0.49154496111869306
0.19320634764205935
0.24340584903434748
0.4200201160492417
0.6804688838561573
0.26617154230353657
0.7982151972691488
0.3541215529584164
0.058995839081055546
0.3168642697393609
0.9245870923724773
0.425732983088028
0.43199846851116963
0.6155383556737711
0.949538085610168
0.5349791722076028
0.0006739994148873274
0.19166907958440826
0.011203968483851967
0.27120689244789087
0.33228873524454094
0.6549827582826107
0.013420143345270086
0.24192956067779559
0.6284429287094669
0.08884878444354283
0.8153341681930734
0.5943988405070033
0.541623695281543
0.7761100340940197
0.4009677290780541
0.2486734169683248
0.7124201982918713
0.6211441412082203
0.7745762702108245
0.35022301839361136
0.555085245918285
0.6243471160619329
0.0926232020855835
0.9528644864045238
0.05661949454040427
0.7861872446888429
0.9795470511050655
0.7033640827696703
0.691147301436075
0.2830632049674898
0.41653859853647757
0.683938839784688
0.63060137174733
0.915238441239431
0.8359131843838828
0.0033757358641485213
0.16160350701731185
0.3199721043497519
0.7982191785755242
0.7516534102614424
0.3822397658901625
0.42084799902380465
0.7578603640982221
0.4260573136512005
0.0050236386486272044
0.6604433435956372
0.2275343953082104
0.46933175757940415
0.0016781393583669146
0.07996113514320924
0.15790311718312144
0.3277299131500968
0.4879522458350838
0.8880079175040382
0.9308541594451449
0.6259150365955886
0.6681664048025053
0.6928432367217885
0.036738828590502925
0.8093566380376481
0.900296817163781
0.3748546684244214
0.8194715058920443
0.8445869881368077
0.27738455657239014
0.33980101167223364
0.08691794111990436
0.7714444822639931
0.41443142827705726
0.7691657349488265
0.42802858588302883
0.13430280420559415
0.9577536148372798
0.5292536220758204
0.7252941485473225
0.24409662523179465
0.8626597330654822
0.9734574069985513
0.045542588077858714
0.5770841305793951
0.4287163857207883
0.715008924159475
0.8536773956405433
0.1827708270021111
0.725381770232356
0.3526912988425269
0.49200668980364104
0.9634587530344907
0.3288977811733722
0.6096246758855611
0.610365840451102
0.2849848903910108
0.12968250193435815
0.14071254142490297
0.233295680259063
0.784757116724374
0.3343584088482048
0.8659441527725552
0.3398347686941776
0.19588835179965502
0.4330992145922764
0.7779755179762042
0.15598218015998877
0.42044788496316754
0.45601209552949484
0.5545228369230187
0.5739205086538608
0.5618488262289675
0.8918489315242895
0.8579206315600779
0.26466941646718734
0.9033269558106646
0.24505404658854568
0.7899624190700146
0.33124101633140557
0.8569478368976238
0.14617433442835215
0.8517193610907923
0.3496721962968552
0.29523655111992886
0.5406709902744563
0.04794536499902968
0.08225503283130176
0.590898968575298
0.19095161893033274
0.02289284374815692
0.6085349729431837
0.40056527430696387
0.6429640005885909
0.5121085078733947
0.8041234373382151
0.6902438890007987
0.7928805408177035
0.24068251966746024
0.3322548428720028
0.04337367750045107
0.2570996690576455
0.7292527361916495
0.00953054434376932
0.8771151005754123
0.2571661907517059
0.27706717526819213
0.6185154489986776
0.7897896888371091
0.5487109581191755
0.6147306188443054
0.021923936608568506
0.6021462248628833
0.698639178678815
0.2690659298078536
0.9442911894588297
0.5170564155734131
0.5511767792375559
0.30188196623733987
0.6572100158998198
0.8778868221284695
0.5915826926367747
0.33910016735473114
0.27443890791575176
0.36650495028353125
0.5673660799623288
0.9567808864517332
0.05541265171640375
0.07440711837177272
0.6668419349965444
0.08061434350388075
0.3233428607566843
0.45036103387527326
0.5578844813284741
0.03338206150472223
0.4516321773565313
0.6572887904265725
0.18283908413522687
0.7853084051301542
0.9169744588920328
0.5096647010910496
0.8557932866437385
0.034717971586787466
0.27755868861592103
0.4025098308680394
0.0481021696501468
0.924461867795732
0.9740097614703823
0.6286139267967583
0.08101283984924812
0.10691972681619355
0.16528279495679354
0.7815088237697951
0.6452994975511417
0.8554226962551985
0.5426122590768566
0.8766494561990956
0.5324697493684631
0.15778981825246374
0.564291239588228
0.8621983409700223
0.5923048603627984
0.5608561600667081
0.5884071175398481
0.5376551086456187
0.8453857187541818
0.9481097795434387
0.161634899999753
0.05287717624984156
0.9616302758796571
0.2160043389980567
0.7491086372516533
0.47769320693140027
0.6802121306756358
0.9356175893453703
0.8197039010986217
0.2890071346692662
0.46413383099680683
0.6600604642346133
0.633150087276012
0.31571154291102965
0.31069478888849855
0.7732507733567288
0.7429462990011264
0.3185232368041947
0.3760570889139411
0.7702887533309815
0.42825864909225353
0.42383778980357456
0.6147553671203952
0.42827148515465785
0.3769047955200071
0.5682793989077232
0.20011245671448752
0.8332074394576948
0.10073578542585238
0.538353833716353
0.7161742099162307
0.6833572548497754
0.7062421754076608
0.16564470780340945
0.6396578597036375
0.9853421023041637
0.32626872953602903
0.07308360868421293
0.68767521323244
0.865495581827045
0.962326534562745
0.18788863938373912
0.4358255105644472
0.35318740288434314
0.6827266720539718
0.4452678217646311
0.32360899740787663
0.03090271069919648
0.012343164112502691
0.17393212669172375
0.9813884973880016
0.875817036765982
0.04800066202073239
0.19262750340393764
0.06542685896177614
0.11063468485340866
0.4398587056151685
0.37919730601497104
0.1682577470542459
0.027629684932975018
0.1233174603969861
0.6728914236346251
0.6712853237117317
0.0708387670716405
0.8839982164414106
0.6571384036899993
0.4850091589849689
0.39139360794199507
0.6654023189567728
0.8039464511542403
0.9613732323936938
0.2260772005173839
0.07319433352250981
0.16300465721603952
0.6782376344576072
0.49584330453528214
0.5928395452877855
0.3557226243840089
0.7598356346908404
0.26507377431173673
0.6645392375853504
0.390643207160542
0.8895212624706563
0.41011524230865826
0.12773153601912557
0.30476984479981073
0.5984231403850042
0.42419815364247304
0.4365253622294569
0.9807857751071509
0.5683760713726251
0.3904016433863772
0.47620316819979647
0.38586205902353476
0.8487206927912663
0.9811345605917402
0.7233513153547482
0.9525360400117852
0.19343046877381642
0.9408014644670865
0.31725850206684425
0.3233883204276644
0.046783705908290396
0.7167020742765409
0.3306553269913952
0.3897523937182673
0.7814653801250162
0.880305417467221
0.5721816974371731
0.112125485002181
0.7009174721322351
0.3094663665231693
0.3083261246222003
0.8887618707866122
0.2764248517361404
0.6866833182480585
0.07892804693677646
0.3129030607737322
0.5710758383608628
0.2298656280476189
0.18706163498681705
0.06599523370486127
0.1295806566158869
0.5686453703530996
0.08711578118221142
0.7257831314994598
0.8968135353701477
0.5655610608002912
0.7407227571292837
0.2679409209191188
0.7173808311594747
0.4722006523297052
0.10915620099052892
0.9492025070170674
0.846098834804133
0.5746885565272032
0.26438286853975257
0.9856652109132159
0.7286344236506008
0.04370458073409811
0.06299407429279014
0.6804143621179454
0.7648142117136901
0.3509283385557793
0.9223570219208661
0.29338181364837734
0.17533549435475193
0.25886644453891283
0.8245471968396256
0.44276018629866676
0.34554411810930663
0.5722113707862954
0.10685898402674776
0.5940195475507465
0.10176434098299458
0.8415727124074704
0.5960463797214883
0.5240981705037282
0.46187544626582133
0.9464016903683481
0.9185274274595426
0.25272902522678353
0.7027119646482803
0.3524887033834724
0.21258489695547877
0.594701819776855
0.5309372313580528
0.9615668312681507
0.3098615757336892
0.9591773336472943
0.605461025966091
0.2889146449835258
0.5497102813211607
0.2866503345476632
0.2925856246986962
0.8191904814107692
0.6600404756810212
0.552474988763501
0.8625195492169387
0.2818551804080415
0.12250052652597354
0.8684326675142218
0.36139714582718174
0.10801020335362854
0.32284693217737503
0.5030528287736451
0.4938188769177344
0.2874153757739134
0.5865193108248914
0.3208103652777472
0.2031091468406927
0.4340751427334625
0.20436444674113707
0.45979754367856907
0.9980626633755348
0.19316130334166404
0.7982381949009372
0.4101732670315652
0.12902468548909518
0.7162784206379907
0.4046300989940106
0.9660356078934443
0.4946482137852969
0.6813849434906438
0.4478925930965091
0.9670580673135797
0.5670456258074038
0.23597511758275191
0.31447192169392213
0.5829993184106163
0.41786725138637637
0.07099639257432078
0.8297001542909508
0.33373599006762833
0.5180759728584893
0.5739683966144091
0.9853196543537608
0.11368786293330035
0.4418877559197497
0.5081438419649664
0.7115824336032884
0.4550972785750502
0.37075248564018704
0.7947508868777363
0.39553069608409164
0.5605773970723993
0.5402236808399007
0.025276866943433784
0.4364424218540066
0.006013898152383623
0.22404109031200214
0.317450208131867
0.7461250727839379
0.3241761772506372
0.4498481189685306
0.7278145465583807
0.1854030157621096
0.8373959139050385
0.08271810557432935
0.12414506926488522
0.6600728329173894
0.2154865126350236
0.04762754073178144
0.2308104156632077
0.2972199997926783
0.24611746805556545
0.02711864232573946
0.5910508960193366
0.5508250947592862
0.15391445053894892
0.32005354144663534
0.36299829328678346
0.11979779249509648
0.8604640567015174
0.06206487122683979
0.6268229769936182
0.2760541900988809
0.5446170566093063
0.06911220580058053
0.23137199486963456
0.7048048398897795
0.31998382457433017
0.871630545699281
0.9781902253115342
0.2755494174150702
0.3929040340955521
0.9725318244364376
0.07880564740109386
0.7549742719477652
0.11789056014748034
0.4983975473972643
0.5314617885418143
0.03817361596664459
0.586655408420686
0.41106602974216844
0.6870463250609228
0.5739087521385652
0.7105936104959013
0.6373214783830586
0.7417669648904777
0.7833449767076566
0.5138308100796402
0.08491728909693685
0.35252767651556405
0.07454811779553139
0.3859823719432971
0.3834119501613431
0.8802256050345908
0.7177988231181461
0.6429675708876681
0.4968313193418681
0.056560123195306344
0.2403394103318235
0.06194241799569822
0.616067196890907
0.9310272444976269
0.8677970997624741
0.7522000980730892
0.3154593346744101
0.05699500515082312
0.05990452164352289
0.05622975586769474
0.4046142787081788
0.2879674639638947
0.13398805493932597
0.4657574374145932
0.792538260594596
0.3921701613312534
0.8797642505592711
0.007982327889398233
0.009512944455385086
0.27671651901323924
0.5376116897812703
0.5863868622627756
0.459184045564476
0.9010511332969308
0.18083591435368707
0.6466911041701664
0.6529970415726806
0.6732199079793271
0.48564041430010696
0.3298507471970953
0.6092074404390995
0.20614243399790633
0.3701270676812177
0.5721244361342294
0.23397636003795563
0.27832030128286855
0.2601219295209467
0.32824080935871225
0.48309701449044895
0.3391512186057921
0.8064975488138598
0.0626587514233009
0.9240500888337343
0.7229335256757324
0.7106920666895304
0.3654316879302034
0.1790329668351075
0.03535025970788941
0.7203200309614368
0.6683692556611122
0.5495376024261083
0.6316667685125594
0.5045823535314266
0.892820086801813
0.9033915721718526
0.3990573160737332
0.8496515337562255
0.9374835626674968
0.6755153336780836
0.42967274588524673
0.08130928441286689
0.4268216109701095
0.4884487273426913
0.8253787245639211
0.4321504724406152
0.8544783360368563
0.7090306824645713
0.23116250341272881
0.6096344695186202
0.8862823205957965
0.1681689987077869
0.5619243133743416
0.007177654823385393
0.7663040912931318
0.9120456978126233
0.10861162580707051
0.40438709057837563
0.7517604583413227
0.23992537973246342
0.25886105113900804
0.11639947666913197
0.6761169911340748
0.3417683152027746
0.1963736884648073
0.27869329195887294
0.24042349450458356
0.9256874099683496
0.6578027958481713
0.25962702224430756
0.3064700144768481
0.3561290236866592
0.734449129035171
0.43250985136418474
0.1959791870293799
0.8074013259491198
0.8577129733234117
0.16009880768654927
0.6921662894909653
0.723820722086342
0.5327179009912971
0.901039674454779
0.5885259886582959
0.6586330498512546
0.07352437798169398
0.46712316497414974
0.9863285834168795
0.09302609325150857
0.23490364662224972
0.07738806104200613
0.3841238786355642
0.12380678659032018
0.6001604353680028
0.5757941829753228
0.8534110121546787
0.6776487111002952
0.528200906345201
0.22169689333183118
0.5984794617876013
0.7557033699032785
0.7229132144702967
0.2264785884620708
0.12035349975688658
0.8708987129713206
0.6799062154115941
0.9106507945844529
0.8675583966425318
0.4043807082042473
0.9306522427298624
0.9909091756310752
0.6546486478945357
0.027016118683932278
0.7917918031197004
0.5247880553930125
0.5618835105853031
0.1767503398186684
0.24431575418804352
0.3353411866896292
0.7016649334057495
0.8561151080074577
0.4430226413441848
0.8615631946219575
0.7644017582711294
0.11629540597022492
0.31727658800709446
0.18919070872760146
0.4327141399476033
0.38924947958696277
0.8315942711278529
0.40479643638349705
0.6796478806973744
0.46649855381786576
0.7259238387153703
0.4604155743188041
0.9990480025798552
0.34926909292723274
0.33717877155880305
0.8211954943336842
0.03299626143354184
0.9557019626637872
0.3894182119215329
0.9621460382304561
0.022155510948668744
0.1746565730671753
0.055960856653536784
0.7952007008671308
0.6477062284379627
0.6510911847818139
0.8284117062724209
0.5862826900834772
0.9792033391583009
0.34370085625568436
0.1534049779124741
0.27405791040770056
0.5555784853909271
0.5792228964289072
0.10860096101248129
0.6738803608380767
0.4905157348193354
0.9169889054765168
0.9013362680160315
0.9860563528015452
0.08166706611284413
0.1410390395026665
